1 76317 2446 31
2 54954 1761 31
3 60814 1949 31
4 58481 1874 31
5 58419 1872 31
6 55835 1789 31
7 53612 1718 31
8 57425 1840 31
9 50214 1609 31
10 61464 1970 31
11 58792 1884 31
12 59797 1916 31
13 59489 1906 31
14 54095 1734 31
15 61105 1958 31
16 59975 1922 31
17 59470 1906 31
18 62203 1993 31
19 54700 1753 31
20 55307 1772 31
21 58777 1884 31
22 72729 2331 31
23 55966 1793 31
24 58877 1887 31
25 66139 2119 31
26 58089 1862 31
27 59398 1903 31
28 51207 1641 31
29 59614 1910 31
30 56173 1800 31
31 53847 1726 31
32 59671 1912 31
33 52670 1688 31
34 60926 1953 31
35 60580 1941 31
36 59924 1920 31
37 57385 1839 31
38 54731 1754 31
39 60302 1932 31
40 55340 1774 31
41 51567 1652 31
42 58858 1886 31
43 54901 1759 31
44 62282 1996 31
45 88635 2840 31
46 103939 3331 31
47 74970 2402 31
48 54776 1755 31
49 53434 1712 31
50 55371 1774 31
51 57155 1832 31
52 53805 1724 31
53 55990 1794 31
54 53049 1700 31
55 50328 1613 31
56 51359 1646 31
57 51755 1659 31
58 52306 1676 31
59 55600 1782 31
60 52826 1693 31
61 50101 1606 31
62 52234 1674 31
63 50554 1620 31
64 51920 1664 31
65 52688 1688 31
66 53876 1726 31
67 51319 1644 31
68 53103 1702 31
69 51420 1648 31
70 54098 1734 31
71 54206 1737 31
72 54417 1744 31
73 70092 2246 31
74 53900 1727 31
75 54810 1756 31
76 55317 1773 31
77 52537 1684 31
78 53377 1710 31
79 55452 1777 31
80 52472 1681 31
81 56166 1800 31
82 64178 2057 31
83 54649 1751 31
84 53900 1727 31
85 53739 1722 31
86 52579 1685 31
87 54165 1736 31
88 52805 1692 31
89 53193 1705 31
90 53591 1717 31
91 55957 1793 31
92 53481 1714 31
93 51747 1658 31
94 50411 1615 31
95 55273 1771 31
96 52723 1690 31
97 52438 1680 31
98 51693 1656 31
99 50142 1607 31
100 54633 1751 31
