1 72545 2325 31
2 56848 1822 31
3 54539 1748 31
4 52386 1679 31
5 52545 1684 31
6 58111 1862 31
7 57416 1840 31
8 62128 1991 31
9 58969 1890 31
10 62933 2017 31
11 63447 2033 31
12 52224 1674 31
13 59456 1906 31
14 54354 1742 31
15 58343 1870 31
16 56814 1821 31
17 55576 1781 31
18 60442 1937 31
19 59186 1897 31
20 54645 1751 31
21 63490 2035 31
22 55332 1773 31
23 62174 1993 31
24 54079 1733 31
25 53002 1698 31
26 56621 1814 31
27 63388 2031 31
28 55182 1768 31
29 66849 2143 31
30 61033 1956 31
31 58149 1864 31
32 56492 1810 31
33 57117 1830 31
34 54504 1747 31
35 54396 1743 31
36 52919 1696 31
37 58989 1891 31
38 68050 2181 31
39 56608 1814 31
40 55204 1769 31
41 56929 1824 31
42 54048 1732 31
43 53708 1721 31
44 54956 1761 31
45 55904 1791 31
46 53811 1724 31
47 57311 1837 31
48 54721 1754 31
49 55644 1783 31
50 55889 1791 31
51 57813 1853 31
52 58315 1869 31
53 53818 1725 31
54 55340 1773 31
55 54689 1753 31
56 59135 1895 31
57 55619 1782 31
58 54682 1752 31
59 53691 1721 31
60 54690 1753 31
61 54348 1742 31
62 53184 1705 31
63 54574 1749 31
64 56768 1819 31
65 53665 1720 31
66 55026 1763 31
67 54194 1737 31
68 51755 1658 31
69 52570 1685 31
70 53869 1726 31
71 56088 1797 31
72 51042 1636 31
73 50094 1605 31
74 55701 1785 31
75 56077 1797 31
76 52324 1677 31
77 52325 1677 31
78 55373 1774 31
79 54435 1744 31
80 54986 1762 31
81 53655 1719 31
82 53040 1700 31
83 54631 1751 31
84 52376 1678 31
85 51523 1651 31
86 54041 1732 31
87 56228 1802 31
88 52981 1698 31
89 52130 1671 31
90 51908 1663 31
91 55798 1788 31
92 53476 1714 31
93 54185 1736 31
94 52780 1691 31
95 52686 1688 31
96 52965 1697 31
97 52188 1672 31
98 54504 1747 31
99 54678 1753 31
100 55752 1787 31
